ENVI ASCII Plot File [Wed Oct 01 12:48:40 2014]
Column 1: Band Number
Column 2: TYPE:LON; Bias=-0.46775103; SCA:A; Detector=130; Lat=33.974564; Lon=-118.98727~~1
Column 3: TYPE:LAT; Bias=-0.46775103; SCA:A; Detector=130; Lat=33.974564; Lon=-118.98727~~2
   1.000000  -118.603111    35.514172
   2.000000  -118.526344    35.478161
   3.000000  -118.471626    35.469296
   4.000000  -118.416924    35.460423
   5.000000  -118.334892    35.447094
   6.000000  -118.280220    35.438198
   7.000000  -118.198235    35.424831
   8.000000  -118.143593    35.415905
   9.000000  -118.810699    35.476856
  10.000000  -118.755936    35.468048
  11.000000  -118.673828    35.454823
  12.000000  -119.040291    35.466507
  13.000000  -119.187614    35.442890
  14.000000  -119.110504    35.407085
  15.000000  -119.055740    35.398354
  16.000000  -119.252609    35.406158
  17.000000  -119.197800    35.397453
  18.000000  -119.404793    35.359730
  19.000000  -119.349968    35.351067
  20.000000  -119.267792    35.338055
  21.000000  -119.497025    35.327301
  22.000000  -119.414795    35.314342
  23.000000  -119.594116    35.272163
  24.000000  -119.539307    35.263561
  25.000000  -119.681297    35.262367
  26.000000  -119.603973    35.226822
  27.000000  -119.750793    35.202915
  28.000000  -119.695976    35.194363
  29.000000  -119.760529    35.157604
  30.000000  -119.857262    35.102463
  31.000000  -119.775108    35.089699
  32.000000  -119.921684    35.065689
  33.000000  -119.866913    35.057209
  34.000000  -119.936096    34.997841
  35.000000  -120.055176    34.969509
  36.000000  -119.973053    34.956867
  37.000000  -120.069450    34.901726
  38.000000  -120.133667    34.864948
  39.000000  -120.078964    34.856567
  40.000000  -120.147873    34.797237
  41.000000  -120.239334    34.764626
  42.000000  -120.157341    34.752129
  43.000000  -120.253448    34.696972
  44.000000  -120.312798    34.682716
  45.000000  -120.262856    34.651897
  46.000000  -120.354164    34.619236
  47.000000  -120.363518    34.574184
  48.000000  -120.459419    34.518951
  49.000000  -120.377541    34.506641
  50.000000  -120.468719    34.473923
  51.000000  -120.482658    34.406414
  52.000000  -120.546486    34.369568
  53.000000  -120.491959    34.361431
  54.000000  -120.560387    34.302097
  55.000000  -120.596893    34.261185
  56.000000  -120.606140    34.216228
  57.000000  -120.620018    34.148823
  58.000000  -120.629272    34.103897
  59.000000  -120.643158    34.036533
