ENVI ASCII Plot File [Tue Sep 23 00:14:49 2014]
Column 1: Band Number
Column 2: TYPE:LON; Bias=-0.46775103; SCA:A; Detector=130; Lat=33.974564; Lon=-118.98727~~1
Column 3: TYPE:LAT; Bias=-0.46775103; SCA:A; Detector=130; Lat=33.974564; Lon=-118.98727~~2
   1.0000000000  -118.6031112671    35.5141716003
   2.0000000000  -118.5263442993    35.4781608582
   3.0000000000  -118.4716262817    35.4692955017
   4.0000000000  -118.4169235229    35.4604225159
   5.0000000000  -118.3348922729    35.4470939636
   6.0000000000  -118.2802200317    35.4381980896
   7.0000000000  -118.1982345581    35.4248313904
   8.0000000000  -118.1435928345    35.4159049988
   9.0000000000  -118.8106994629    35.4768562317
  10.0000000000  -118.7559356689    35.4680480957
  11.0000000000  -118.6738281250    35.4548225403
  12.0000000000  -119.0402908325    35.4665069580
  13.0000000000  -119.1876144409    35.4428901672
  14.0000000000  -119.1105041504    35.4070854187
  15.0000000000  -119.0557403564    35.3983535767
  16.0000000000  -119.2526092529    35.4061584473
  17.0000000000  -119.1977996826    35.3974533081
  18.0000000000  -119.4047927856    35.3597297668
  19.0000000000  -119.3499679565    35.3510665894
  20.0000000000  -119.2677917480    35.3380546570
  21.0000000000  -119.4970245361    35.3273010254
  22.0000000000  -119.4147949219    35.3143424988
  23.0000000000  -119.5941162109    35.2721633911
  24.0000000000  -119.5393066406    35.2635612488
  25.0000000000  -119.6812973022    35.2623672485
  26.0000000000  -119.6039733887    35.2268218994
  27.0000000000  -119.7507934570    35.2029151917
  28.0000000000  -119.6959762573    35.1943626404
  29.0000000000  -119.7605285645    35.1576042175
  30.0000000000  -119.8572616577    35.1024627686
  31.0000000000  -119.7751083374    35.0896987915
  32.0000000000  -119.9216842651    35.0656890869
  33.0000000000  -119.8669128418    35.0572090149
  34.0000000000  -119.9360961914    34.9978408813
  35.0000000000  -120.0551757813    34.9695091248
  36.0000000000  -119.9730529785    34.9568672180
  37.0000000000  -120.0694503784    34.9017257690
  38.0000000000  -120.1336669922    34.8649482727
  39.0000000000  -120.0789642334    34.8565673828
  40.0000000000  -120.1478729248    34.7972373962
  41.0000000000  -120.2393341064    34.7646255493
  42.0000000000  -120.1573410034    34.7521286011
  43.0000000000  -120.2534484863    34.6969718933
  44.0000000000  -120.3127975464    34.6827163696
  45.0000000000  -120.2628555298    34.6518974304
  46.0000000000  -120.3541641235    34.6192359924
  47.0000000000  -120.3635177612    34.5741844177
  48.0000000000  -120.4594192505    34.5189514160
  49.0000000000  -120.3775405884    34.5066413879
  50.0000000000  -120.4687194824    34.4739227295
  51.0000000000  -120.4826583862    34.4064140320
  52.0000000000  -120.5464859009    34.3695678711
  53.0000000000  -120.4919586182    34.3614311218
  54.0000000000  -120.5603866577    34.3020973206
  55.0000000000  -120.5968933105    34.2611846924
  56.0000000000  -120.6061401367    34.2162284851
  57.0000000000  -120.6200180054    34.1488227844
  58.0000000000  -120.6292724609    34.1038970947
  59.0000000000  -120.6431579590    34.0365333557
