      33.9895
      33.9938
      33.9715
      33.9492
      33.9269
      33.9046
      33.8823
      33.8600
      33.8377
      33.8154
      33.7931
      33.7708
      33.7485
      33.7262
      33.7039
      33.6817
      33.6594
      33.6371
      33.6148
      33.5926
      33.5703
      33.5480
      33.5257
      33.5035
      33.4812
      33.4589
      33.4367
      33.4144
      33.3921
      33.3699
      33.3476
      33.3518
      33.3295
      33.3073
      33.2850
      33.2627
      33.2405
      33.2182
