       35.514172       35.518597       35.495857       35.473129       35.450409
       35.427700       35.404999       35.382309       35.359627       35.336956
       35.314293       35.291637       35.268993       35.246357       35.223732
       35.201111       35.178501       35.155899       35.133305       35.110718
       35.088142       35.065571       35.043011       35.020454       34.997910
       34.975372       34.952839       34.930313       34.907799       34.885288
       34.862785       34.867138       34.844639       34.822147       34.799664
       34.777184       34.754711       34.732246
       35.478161       35.482586       35.459866       35.437153       35.414452
       35.391758       35.369076       35.346401       35.323734       35.301079
       35.278435       35.255795       35.233166       35.210545       35.187935
       35.165329       35.142735       35.120148       35.097569       35.074997
       35.052433       35.029881       35.007332       34.984791       34.962261
       34.939735       34.917217       34.894707       34.872204       34.849705
       34.827217       34.831577       34.809093       34.786613       34.764141
       34.741676       34.719215       34.696762
       35.469296       35.473728       35.451012       35.428303       35.405605
       35.382919       35.360241       35.337570       35.314911       35.292259
       35.269615       35.246983       35.224358       35.201740       35.179134
       35.156536       35.133945       35.111362       35.088787       35.066219
       35.043663       35.021111       34.998569       34.976032       34.953503
       34.930984       34.908470       34.885963       34.863464       34.840973
       34.818485       34.822853       34.800373       34.777897       34.755428
       34.732967       34.710514       34.688065
       35.460423       35.464859       35.442146       35.419445       35.396751
       35.374069       35.351395       35.328728       35.306072       35.283424
       35.260788       35.238159       35.215538       35.192928       35.170322
       35.147728       35.125141       35.102562       35.079994       35.057430
       35.034878       35.012329       34.989792       34.967258       34.944736
       34.922218       34.899708       34.877209       34.854713       34.832222
       34.809742       34.814114       34.791637       34.769169       34.746704
       34.724247       34.701797       34.679352
       35.447094       35.451542       35.428833       35.406139       35.383450
       35.360775       35.338104       35.315449       35.292797       35.270157
       35.247524       35.224903       35.202290       35.179684       35.157085
       35.134499       35.111916       35.089344       35.066780       35.044224
       35.021675       34.999134       34.976604       34.954079       34.931561
       34.909050       34.886543       34.864048       34.841560       34.819077
       34.796600       34.800983       34.778515       34.756050       34.733589
       34.711140       34.688694       34.666256
       35.438198       35.442646       35.419945       35.397255       35.374569
       35.351898       35.329235       35.306580       35.283936       35.261299
       35.238670       35.216053       35.193439       35.170841       35.148247
       35.125664       35.103085       35.080517       35.057957       35.035404
       35.012859       34.990322       34.967796       34.945274       34.922760
       34.900253       34.877750       34.855259       34.832775       34.810295
       34.787823       34.792213       34.769745       34.747284       34.724831
       34.702385       34.679943       34.657505
       35.424831       35.429287       35.406593       35.383907       35.361229
       35.338562       35.315907       35.293259       35.270618       35.247986
       35.225365       35.202751       35.180149       35.157555       35.134964
       35.112389       35.089817       35.067253       35.044701       35.022152
       34.999615       34.977081       34.954559       34.932041       34.909534
       34.887032       34.864536       34.842052       34.819572       34.797096
       34.774632       34.779030       34.756569       34.734116       34.711666
       34.689224       34.666786       34.644356
       35.415905       35.420372       35.397678       35.374996       35.352325
       35.329662       35.307007       35.284363       35.261726       35.239098
       35.216480       35.193871       35.171272       35.148682       35.126095
       35.103519       35.080956       35.058395       35.035843       35.013302
       34.990765       34.968239       34.945717       34.923206       34.900700
       34.878204       34.855713       34.833229       34.810753       34.788280
       34.765820       34.770226       34.747768       34.725315       34.702869
       34.680431       34.657997       34.635571
       35.476856       35.481255       35.458527       35.435810       35.413101
       35.390404       35.367714       35.345032       35.322361       35.299698
       35.277046       35.254402       35.231766       35.209137       35.186520
       35.163910       35.141304       35.118710       35.096127       35.073547
       35.050976       35.028412       35.005856       34.983307       34.960770
       34.938236       34.915707       34.893188       34.870678       34.848171
       34.825672       34.829998       34.807503       34.785015       34.762531
       34.740055       34.717587       34.695126
       35.468048       35.472454       35.449730       35.427017       35.404316
       35.381622       35.358936       35.336262       35.313595       35.290939
       35.268291       35.245651       35.223019       35.200397       35.177784
       35.155178       35.132580       35.109993       35.087410       35.064835
       35.042271       35.019711       34.997162       34.974617       34.952084
       34.929554       34.907032       34.884518       34.862011       34.839508
       34.817017       34.821346       34.798855       34.776371       34.753895
       34.731426       34.708961       34.686501
       35.454823       35.459232       35.436520       35.413815       35.391117
       35.368431       35.345757       35.323090       35.300430       35.277779
       35.255138       35.232506       35.209885       35.187267       35.164661
       35.142063       35.119473       35.096889       35.074314       35.051750
       35.029190       35.006641       34.984097       34.961559       34.939030
       34.916508       34.893993       34.871487       34.848988       34.826492
       34.804005       34.808346       34.785862       34.763386       34.740917
       34.718452       34.695995       34.673542
       35.466507       35.470882       35.448151       35.425430       35.402721
       35.380016       35.357327       35.334641       35.311966       35.289299
       35.266644       35.243992       35.221352       35.198723       35.176098
       35.153481       35.130875       35.108276       35.085682       35.063099
       35.040524       35.017956       34.995392       34.972839       34.950294
       34.927753       34.905220       34.882694       34.860176       34.837666
       34.815159       34.819450       34.796951       34.774456       34.751965
       34.729485       34.707005       34.684536
       35.442890       35.447250       35.424526       35.401810       35.379101
       35.356403       35.333714       35.311031       35.288361       35.265697
       35.243042       35.220394       35.197758       35.175129       35.152508
       35.129894       35.107288       35.084690       35.062099       35.039516
       35.016941       34.994373       34.971813       34.949261       34.926712
       34.904175       34.881641       34.859116       34.836597       34.814083
       34.791576       34.795853       34.773350       34.750851       34.728363
       34.705879       34.683399       34.660927
       35.407085       35.411449       35.388741       35.366043       35.343353
       35.320671       35.298000       35.275337       35.252682       35.230038
       35.207397       35.184769       35.162148       35.139534       35.116932
       35.094334       35.071743       35.049160       35.026588       35.004021
       34.981461       34.958908       34.936363       34.913826       34.891296
       34.868771       34.846252       34.823742       34.801239       34.778740
       34.756248       34.760529       34.738041       34.715557       34.693081
       34.670612       34.648148       34.625687
       35.398354       35.402721       35.380016       35.357327       35.334641
       35.311966       35.289299       35.266644       35.243992       35.221352
       35.198723       35.176098       35.153481       35.130875       35.108276
       35.085682       35.063099       35.040524       35.017956       34.995392
       34.972839       34.950294       34.927753       34.905220       34.882694
       34.860176       34.837666       34.815159       34.792660       34.770164
       34.747681       34.751965       34.729485       34.707005       34.684536
       34.662071       34.639610       34.617157
       35.406158       35.410507       35.387794       35.365089       35.342396
       35.319706       35.297031       35.274361       35.251701       35.229046
       35.206402       35.183769       35.161140       35.138519       35.115910
       35.093307       35.070709       35.048122       35.025539       35.002968
       34.980400       34.957844       34.935291       34.912746       34.890205
       34.867676       34.845150       34.822632       34.800121       34.777615
       34.755116       34.759377       34.736881       34.714394       34.691910
       34.669430       34.646957       34.624493
       35.397453       35.401810       35.379101       35.356403       35.333714
       35.311031       35.288361       35.265697       35.243042       35.220394
       35.197758       35.175129       35.152508       35.129894       35.107288
       35.084690       35.062099       35.039516       35.016941       34.994373
       34.971813       34.949261       34.926712       34.904175       34.881641
       34.859116       34.836597       34.814083       34.791576       34.769077
       34.746586       34.750851       34.728363       34.705879       34.683399
       34.660927       34.638458       34.615997
       35.359730       35.364059       35.341358       35.318665       35.295979
       35.273304       35.250637       35.227978       35.205326       35.182682
       35.160049       35.137421       35.114803       35.092190       35.069588
       35.046993       35.024403       35.001823       34.979248       34.956684
       34.934124       34.911572       34.889023       34.866486       34.843952
       34.821426       34.798904       34.776394       34.753883       34.731384
       34.708889       34.713127       34.690632       34.668148       34.645664
       34.623192       34.600719       34.578255
       35.351067       35.355400       35.332703       35.310017       35.287338
       35.264668       35.242008       35.219353       35.196709       35.174072
       35.151443       35.128826       35.106213       35.083607       35.061008
       35.038422       35.015839       34.993263       34.970695       34.948135
       34.925579       34.903034       34.880493       34.857960       34.835434
       34.812912       34.790398       34.767891       34.745388       34.722893
       34.700405       34.704647       34.682163       34.659679       34.637207
       34.614735       34.592274       34.569813
       35.338055       35.342396       35.319706       35.297031       35.274361
       35.251701       35.229046       35.206402       35.183769       35.161140
       35.138519       35.115910       35.093307       35.070709       35.048122
       35.025539       35.002968       34.980400       34.957844       34.935291
       34.912746       34.890205       34.867676       34.845150       34.822632
       34.800121       34.777615       34.755116       34.732624       34.710136
       34.687656       34.691910       34.669430       34.646957       34.624493
       34.602032       34.579575       34.557125
       35.327301       35.331615       35.308922       35.286236       35.263561
       35.240891       35.218231       35.195580       35.172935       35.150299
       35.127670       35.105049       35.082436       35.059830       35.037235
       35.014645       34.992062       34.969486       34.946915       34.924355
       34.901798       34.879250       34.856709       34.834171       34.811646
       34.789120       34.766605       34.744095       34.721592       34.699093
       34.676601       34.680820       34.658333       34.635849       34.613369
       34.590897       34.568428       34.545963
       35.314342       35.318665       35.295979       35.273304       35.250637
       35.227978       35.205326       35.182682       35.160049       35.137421
       35.114803       35.092190       35.069588       35.046993       35.024403
       35.001823       34.979248       34.956684       34.934124       34.911572
       34.889023       34.866486       34.843952       34.821426       34.798904
       34.776394       34.753883       34.731384       34.708889       34.686398
       34.663914       34.668148       34.645664       34.623192       34.600719
       34.578255       34.555798       34.533344
       35.272163       35.276463       35.253784       35.231113       35.208450
       35.185799       35.163151       35.140514       35.117886       35.095261
       35.072647       35.050041       35.027439       35.004848       34.982262
       34.959682       34.937111       34.914547       34.891991       34.869438
       34.846893       34.824356       34.801823       34.779297       34.756779
       34.734264       34.711758       34.689255       34.666759       34.644268
       34.621784       34.625988       34.603504       34.581028       34.558556
       34.536091       34.513626       34.491169
       35.263561       35.267864       35.245190       35.222527       35.199871
       35.177223       35.154587       35.131954       35.109329       35.086716
       35.064106       35.041504       35.018913       34.996326       34.973747
       34.951176       34.928608       34.906052       34.883499       34.860954
       34.838417       34.815884       34.793358       34.770840       34.748325
       34.725819       34.703316       34.680820       34.658333       34.635849
       34.613369       34.617580       34.595100       34.572632       34.550163
       34.527702       34.505249       34.482796
       35.262367       35.266659       35.243977       35.221306       35.198639
       35.175983       35.153336       35.130695       35.108063       35.085438
       35.062824       35.040211       35.017609       34.995014       34.972427
       34.949844       34.927273       34.904705       34.882145       34.859589
       34.837040       34.814499       34.791965       34.769436       34.746914
       34.724396       34.701885       34.679379       34.656879       34.634384
       34.611897       34.616089       34.593601       34.571117       34.548641
       34.526173       34.503704       34.481243
       35.226822       35.231113       35.208450       35.185799       35.163151
       35.140514       35.117886       35.095261       35.072647       35.050041
       35.027439       35.004848       34.982262       34.959682       34.937111
       34.914547       34.891991       34.869438       34.846893       34.824356
       34.801823       34.779297       34.756779       34.734264       34.711758
       34.689255       34.666759       34.644268       34.621784       34.599304
       34.576832       34.581028       34.558556       34.536091       34.513626
       34.491169       34.468719       34.446270
       35.202915       35.207191       35.184528       35.161873       35.139225
       35.116589       35.093956       35.071331       35.048714       35.026104
       35.003506       34.980907       34.958321       34.935741       34.913166
       34.890598       34.868038       34.845486       34.822937       34.800396
       34.777859       34.755329       34.732807       34.710289       34.687775
       34.665272       34.642769       34.620274       34.597786       34.575298
       34.552822       34.556995       34.534519       34.512047       34.489578
       34.467113       34.444656       34.422203
       35.194363       35.198639       35.175983       35.153336       35.130695
       35.108063       35.085438       35.062824       35.040211       35.017609
       34.995014       34.972427       34.949844       34.927273       34.904705
       34.882145       34.859589       34.837040       34.814499       34.791965
       34.769436       34.746914       34.724396       34.701885       34.679379
       34.656879       34.634384       34.611897       34.589413       34.566936
       34.544460       34.548641       34.526173       34.503704       34.481243
       34.458786       34.436337       34.413887
       35.157604       35.161873       35.139225       35.116589       35.093956
       35.071331       35.048714       35.026104       35.003506       34.980907
       34.958321       34.935741       34.913166       34.890598       34.868038
       34.845486       34.822937       34.800396       34.777859       34.755329
       34.732807       34.710289       34.687775       34.665272       34.642769
       34.620274       34.597786       34.575298       34.552822       34.530346
       34.507877       34.512047       34.489578       34.467113       34.444656
       34.422203       34.399754       34.377308
       35.102463       35.106712       35.084076       35.061451       35.038830
       35.016216       34.993614       34.971016       34.948425       34.925838
       34.903263       34.880692       34.858128       34.835567       34.813019
       34.790470       34.767933       34.745399       34.722870       34.700348
       34.677834       34.655323       34.632820       34.610317       34.587826
       34.565334       34.542850       34.520370       34.497898       34.475430
       34.452965       34.457111       34.434647       34.412189       34.389736
       34.367283       34.344837       34.322395
       35.089699       35.093956       35.071331       35.048714       35.026104
       35.003506       34.980907       34.958321       34.935741       34.913166
       34.890598       34.868038       34.845486       34.822937       34.800396
       34.777859       34.755329       34.732807       34.710289       34.687775
       34.665272       34.642769       34.620274       34.597786       34.575298
       34.552822       34.530346       34.507877       34.485413       34.462952
       34.440498       34.444656       34.422203       34.399754       34.377308
       34.354866       34.332428       34.309998
       35.065689       35.069927       35.047298       35.024681       35.002068
       34.979465       34.956867       34.934277       34.911690       34.889114
       34.866543       34.843975       34.821419       34.798866       34.776321
       34.753780       34.731247       34.708717       34.686195       34.663677
       34.641167       34.618660       34.596157       34.573662       34.551170
       34.528687       34.506207       34.483730       34.461258       34.438789
       34.416328       34.420464       34.398003       34.375546       34.353092
       34.330643       34.308197       34.285759
       35.057209       35.061451       35.038830       35.016216       34.993614
       34.971016       34.948425       34.925838       34.903263       34.880692
       34.858128       34.835567       34.813019       34.790470       34.767933
       34.745399       34.722870       34.700348       34.677834       34.655323
       34.632820       34.610317       34.587826       34.565334       34.542850
       34.520370       34.497898       34.475430       34.452965       34.430504
       34.408047       34.412189       34.389736       34.367283       34.344837
       34.322395       34.299957       34.277523
       34.997841       35.002068       34.979465       34.956867       34.934277
       34.911690       34.889114       34.866543       34.843975       34.821419
       34.798866       34.776321       34.753780       34.731247       34.708717
       34.686195       34.663677       34.641167       34.618660       34.596157
       34.573662       34.551170       34.528687       34.506207       34.483730
       34.461258       34.438789       34.416328       34.393871       34.371418
       34.348969       34.353092       34.330643       34.308197       34.285759
       34.263321       34.240887       34.218456
       34.969509       34.973721       34.951115       34.928516       34.905922
       34.883339       34.860760       34.838184       34.815620       34.793060
       34.770504       34.747959       34.725414       34.702877       34.680347
       34.657822       34.635303       34.612789       34.590279       34.567776
       34.545273       34.522781       34.500290       34.477806       34.455326
       34.432850       34.410378       34.387913       34.365448       34.342991
       34.320534       34.324638       34.302185       34.279736       34.257290
       34.234844       34.212406       34.189968
       34.956867       34.961082       34.938488       34.915901       34.893318
       34.870743       34.848175       34.825615       34.803059       34.780510
       34.757965       34.735428       34.712894       34.690369       34.667850
       34.645332       34.622826       34.600319       34.577820       34.555328
       34.532837       34.510353       34.487873       34.465401       34.442928
       34.420464       34.398003       34.375546       34.353092       34.330643
       34.308197       34.312313       34.289871       34.267429       34.244991
       34.222561       34.200130       34.177704
       34.901726       34.905922       34.883339       34.860760       34.838184
       34.815620       34.793060       34.770504       34.747959       34.725414
       34.702877       34.680347       34.657822       34.635303       34.612789
       34.590279       34.567776       34.545273       34.522781       34.500290
       34.477806       34.455326       34.432850       34.410378       34.387913
       34.365448       34.342991       34.320534       34.298084       34.275639
       34.253193       34.257290       34.234844       34.212406       34.189968
       34.167538       34.145107       34.122681
       34.864948       34.869133       34.846554       34.823978       34.801414
       34.778851       34.756298       34.733746       34.711205       34.688663
       34.666134       34.643604       34.621082       34.598568       34.576057
       34.553551       34.531048       34.508553       34.486061       34.463573
       34.441090       34.418613       34.396137       34.373669       34.351204
       34.328743       34.306282       34.283829       34.261379       34.238934
       34.216488       34.220570       34.198128       34.175690       34.153252
       34.130817       34.108387       34.085960
       34.856567       34.860760       34.838184       34.815620       34.793060
       34.770504       34.747959       34.725414       34.702877       34.680347
       34.657822       34.635303       34.612789       34.590279       34.567776
       34.545273       34.522781       34.500290       34.477806       34.455326
       34.432850       34.410378       34.387913       34.365448       34.342991
       34.320534       34.298084       34.275639       34.253193       34.230755
       34.208317       34.212406       34.189968       34.167538       34.145107
       34.122681       34.100254       34.077835
       34.797237       34.801414       34.778851       34.756298       34.733746
       34.711205       34.688663       34.666134       34.643604       34.621082
       34.598568       34.576057       34.553551       34.531048       34.508553
       34.486061       34.463573       34.441090       34.418613       34.396137
       34.373669       34.351204       34.328743       34.306282       34.283829
       34.261379       34.238934       34.216488       34.194050       34.171616
       34.149181       34.153252       34.130817       34.108387       34.085960
       34.063534       34.041115       34.018692
       34.764626       34.768784       34.746223       34.723667       34.701118
       34.678577       34.656036       34.633507       34.610977       34.588455
       34.565941       34.543427       34.520920       34.498417       34.475922
       34.453426       34.430939       34.408455       34.385975       34.363499
       34.341026       34.318558       34.296093       34.273632       34.251175
       34.228722       34.206272       34.183826       34.161381       34.138943
       34.116505       34.120556       34.098118       34.075684       34.053253
       34.030823       34.008396       33.985970
       34.752129       34.756298       34.733746       34.711205       34.688663
       34.666134       34.643604       34.621082       34.598568       34.576057
       34.553551       34.531048       34.508553       34.486061       34.463573
       34.441090       34.418613       34.396137       34.373669       34.351204
       34.328743       34.306282       34.283829       34.261379       34.238934
       34.216488       34.194050       34.171616       34.149181       34.126751
       34.104324       34.108387       34.085960       34.063534       34.041115
       34.018692       33.996277       33.973862
       34.696972       34.701118       34.678577       34.656036       34.633507
       34.610977       34.588455       34.565941       34.543427       34.520920
       34.498417       34.475922       34.453426       34.430939       34.408455
       34.385975       34.363499       34.341026       34.318558       34.296093
       34.273632       34.251175       34.228722       34.206272       34.183826
       34.161381       34.138943       34.116505       34.094070       34.071640
       34.049210       34.053253       34.030823       34.008396       33.985970
       33.963547       33.941128       33.918709
       34.682716       34.686855       34.664310       34.641773       34.619236
       34.596706       34.574184       34.551662       34.529148       34.506641
       34.484135       34.461636       34.439140       34.416645       34.394161
       34.371677       34.349197       34.326721       34.304249       34.281784
       34.259319       34.236858       34.214401       34.191948       34.169498
       34.147049       34.124607       34.102165       34.079727       34.057289
       34.034859       34.038887       34.016453       33.994022       33.971592
       33.949165       33.926743       33.904320
       34.651897       34.656036       34.633507       34.610977       34.588455
       34.565941       34.543427       34.520920       34.498417       34.475922
       34.453426       34.430939       34.408455       34.385975       34.363499
       34.341026       34.318558       34.296093       34.273632       34.251175
       34.228722       34.206272       34.183826       34.161381       34.138943
       34.116505       34.094070       34.071640       34.049210       34.026783
       34.004360       34.008396       33.985970       33.963547       33.941128
       33.918709       33.896294       33.873878
       34.619236       34.623363       34.600830       34.578300       34.555779
       34.533260       34.510746       34.488239       34.465733       34.443233
       34.420738       34.398247       34.375759       34.353279       34.330799
       34.308323       34.285854       34.263386       34.240921       34.218460
       34.196003       34.173550       34.151100       34.128651       34.106205
       34.083763       34.061325       34.038887       34.016453       33.994022
       33.971592       33.975609       33.953178       33.930752       33.908325
       33.885902       33.863480       33.841057
       34.574184       34.578300       34.555779       34.533260       34.510746
       34.488239       34.465733       34.443233       34.420738       34.398247
       34.375759       34.353279       34.330799       34.308323       34.285854
       34.263386       34.240921       34.218460       34.196003       34.173550
       34.151100       34.128651       34.106205       34.083763       34.061325
       34.038887       34.016453       33.994022       33.971592       33.949165
       33.926743       33.930752       33.908325       33.885902       33.863480
       33.841057       33.818638       33.796219
       34.518951       34.523048       34.500526       34.478012       34.455502
       34.432995       34.410492       34.387993       34.365501       34.343010
       34.320526       34.298042       34.275562       34.253090       34.230618
       34.208149       34.185684       34.163223       34.140766       34.118309
       34.095856       34.073406       34.050961       34.028515       34.006073
       33.983631       33.961193       33.938759       33.916325       33.893894
       33.871464       33.875450       33.853020       33.830589       33.808163
       33.785736       33.763309       33.740887
       34.506641       34.510746       34.488239       34.465733       34.443233
       34.420738       34.398247       34.375759       34.353279       34.330799
       34.308323       34.285854       34.263386       34.240921       34.218460
       34.196003       34.173550       34.151100       34.128651       34.106205
       34.083763       34.061325       34.038887       34.016453       33.994022
       33.971592       33.949165       33.926743       33.904320       33.881897
       33.859478       33.863480       33.841057       33.818638       33.796219
       33.773804       33.751389       33.728977
       34.473923       34.478012       34.455502       34.432995       34.410492
       34.387993       34.365501       34.343010       34.320526       34.298042
       34.275562       34.253090       34.230618       34.208149       34.185684
       34.163223       34.140766       34.118309       34.095856       34.073406
       34.050961       34.028515       34.006073       33.983631       33.961193
       33.938759       33.916325       33.893894       33.871464       33.849037
       33.826611       33.830589       33.808163       33.785736       33.763309
       33.740887       33.718464       33.696041
       34.406414       34.410492       34.387993       34.365501       34.343010
       34.320526       34.298042       34.275562       34.253090       34.230618
       34.208149       34.185684       34.163223       34.140766       34.118309
       34.095856       34.073406       34.050961       34.028515       34.006073
       33.983631       33.961193       33.938759       33.916325       33.893894
       33.871464       33.849037       33.826611       33.804188       33.781761
       33.759342       33.763309       33.740887       33.718464       33.696041
       33.673622       33.651199       33.628780
       34.369568       34.373631       34.351135       34.328640       34.306152
       34.283665       34.261185       34.238705       34.216228       34.193756
       34.171288       34.148823       34.126358       34.103897       34.081440
       34.058987       34.036533       34.014084       33.991638       33.969193
       33.946751       33.924309       33.901871       33.879436       33.856998
       33.834568       33.812134       33.789703       33.767277       33.744846
       33.722424       33.726376       33.703945       33.681519       33.659092
       33.636665       33.614239       33.591816
       34.361431       34.365501       34.343010       34.320526       34.298042
       34.275562       34.253090       34.230618       34.208149       34.185684
       34.163223       34.140766       34.118309       34.095856       34.073406
       34.050961       34.028515       34.006073       33.983631       33.961193
       33.938759       33.916325       33.893894       33.871464       33.849037
       33.826611       33.804188       33.781761       33.759342       33.736919
       33.714500       33.718464       33.696041       33.673622       33.651199
       33.628780       33.606365       33.583946
       34.302097       34.306152       34.283665       34.261185       34.238705
       34.216228       34.193756       34.171288       34.148823       34.126358
       34.103897       34.081440       34.058987       34.036533       34.014084
       33.991638       33.969193       33.946751       33.924309       33.901871
       33.879436       33.856998       33.834568       33.812134       33.789703
       33.767277       33.744846       33.722424       33.699997       33.677570
       33.655148       33.659092       33.636665       33.614239       33.591816
       33.569389       33.546967       33.524544
       34.261185       34.265224       34.242744       34.220264       34.197788
       34.175316       34.152843       34.130379       34.107914       34.085453
       34.062996       34.040539       34.018085       33.995636       33.973186
       33.950741       33.928295       33.905853       33.883415       33.860977
       33.838539       33.816105       33.793671       33.771236       33.748806
       33.726376       33.703945       33.681519       33.659092       33.636665
       33.614239       33.618172       33.595741       33.573315       33.550888
       33.528461       33.506031       33.483604
       34.216228       34.220264       34.197788       34.175316       34.152843
       34.130379       34.107914       34.085453       34.062996       34.040539
       34.018085       33.995636       33.973186       33.950741       33.928295
       33.905853       33.883415       33.860977       33.838539       33.816105
       33.793671       33.771236       33.748806       33.726376       33.703945
       33.681519       33.659092       33.636665       33.614239       33.591816
       33.569389       33.573315       33.550888       33.528461       33.506031
       33.483604       33.461178       33.438751
       34.148823       34.152843       34.130379       34.107914       34.085453
       34.062996       34.040539       34.018085       33.995636       33.973186
       33.950741       33.928295       33.905853       33.883415       33.860977
       33.838539       33.816105       33.793671       33.771236       33.748806
       33.726376       33.703945       33.681519       33.659092       33.636665
       33.614239       33.591816       33.569389       33.546967       33.524544
       33.502117       33.506031       33.483604       33.461178       33.438751
       33.416325       33.393898       33.371468
       34.103897       34.107914       34.085453       34.062996       34.040539
       34.018085       33.995636       33.973186       33.950741       33.928295
       33.905853       33.883415       33.860977       33.838539       33.816105
       33.793671       33.771236       33.748806       33.726376       33.703945
       33.681519       33.659092       33.636665       33.614239       33.591816
       33.569389       33.546967       33.524544       33.502117       33.479694
       33.457272       33.461178       33.438751       33.416325       33.393898
       33.371468       33.349041       33.326611
       34.036533       34.040539       34.018085       33.995636       33.973186
       33.950741       33.928295       33.905853       33.883415       33.860977
       33.838539       33.816105       33.793671       33.771236       33.748806
       33.726376       33.703945       33.681519       33.659092       33.636665
       33.614239       33.591816       33.569389       33.546967       33.524544
       33.502117       33.479694       33.457272       33.434849       33.412426
       33.389999       33.393898       33.371468       33.349041       33.326611
       33.304180       33.281750       33.259319
